"","X1","YEAR","RegionName","MET2013","prop_hisp","prop_male","mean_age","mean_educ","mean_INCTOT","mean_FTOTINC","avg_price","treat"
"1",1,2006,"Amarillo, TX",12420,0.177242510575844,0.488647155313822,43.5455408788742,7.35111801778468,38174.4811361478,77716.0584477251,112084.916666667,0
"2",2,2006,"Austin, TX",13140,0.076320939334638,0.471950424005219,47.0942596216569,6.35551206784084,28075.8750815395,61247.3232224397,207528.75,0
"3",3,2006,"Beaumont, TX",15180,0.74241870661308,0.452320058458166,44.9678480087687,5.57617829740592,18760.741322616,45725.622214103,89973.1666666667,0
"4",4,2006,"Brownsville, TX",17780,0.136622390891841,0.505692599620493,39.7314990512334,7.30929791271347,27894.9051233397,56254.9791271347,102928.083333333,0
"5",5,2006,"Dallas-Fort Worth, TX",18580,0.3705712219812,0.471438900939986,46.6080983369487,6.34598698481562,26905.909978308,57818.2176428055,155220.75,0
"6",6,2006,"El Paso, TX",19100,0.151774012357236,0.478398240029957,43.5762263621045,6.93526493166074,36986.5814922299,79393.5041424827,119403.25,0
"7",7,2006,"Houston, TX",26420,0.189447024060785,0.477078936260025,43.5216828478964,6.79946531588575,36106.6171661742,79007.0257774026,149063.25,0
"8",8,2006,"Laredo, TX",29700,0.8535170413343,0.474256707759246,41.5286439448876,5.41261783901378,18694.8208846991,48266.9485134155,146576.166666667,0
"9",9,2006,"Lubbock, TX",31180,0.168740666998507,0.473369835739174,44.3364858138377,7.04230960676954,27852.581383773,57719.6371329019,103395.25,0
"10",10,2006,"Midland, TX",33260,0.215270413573701,0.470837751855779,45.9724284199364,6.72746553552492,39072.2417815482,82157.3191940615,135158.333333333,0
"11",11,2006,"Odessa, TX",36220,0.342274678111588,0.446351931330472,44.6051502145923,5.87017167381974,25758.0042918455,55758.5590128755,82548.6666666667,0
"12",12,2006,"San Angelo, TX",41660,0.198187995469989,0.462061155152888,47.2797281993205,6.5673839184598,28494.8799546999,57985.6806342016,NA,0
"13",13,2006,"San Antonio, TX",41700,0.356288632088148,0.474469228701962,45.693227626982,6.65735017468422,30005.050053749,65261.6057511422,140313.583333333,0
"14",14,2006,"Tyler, TX",46340,0.110322580645161,0.459354838709677,46.9077419354839,6.66774193548387,28076.1851612903,60360.3916129032,123759.583333333,0
"15",15,2007,"Amarillo, TX",12420,0.173320927085096,0.480883099306378,43.2402300795128,7.39925562510574,40251.7720351886,81011.6101336491,117275.5,0
"16",16,2007,"Austin, TX",13140,0.0696748506967485,0.482747179827472,47.6443264764433,6.3735899137359,28809.99535501,61949.8925016589,215995.916666667,0
"17",17,2007,"Beaumont, TX",15180,0.724953789279113,0.458780036968577,44.7996303142329,5.64879852125693,20605.6170055453,49810.7338262477,95885,0
"18",18,2007,"Brownsville, TX",17780,0.147058823529412,0.503676470588235,40.5101102941176,7.39246323529412,32091.4347426471,64867.8823529412,104242.5,0
"19",19,2007,"Dallas-Fort Worth, TX",18580,0.384455239417071,0.477099236641221,45.9299097848716,6.39312977099237,28542.0482303956,62845.5489243581,157994.666666667,0
"20",20,2007,"El Paso, TX",19100,0.155807816552163,0.475749579143728,43.6883843668957,7.01162473269939,38992.1994403749,83252.8372992402,132099.916666667,0
"21",21,2007,"Houston, TX",26420,0.200216362407032,0.478350236646383,43.7821771467208,6.83210277214334,38682.3256795132,84982.8565246788,153923.916666667,0
"22",22,2007,"Laredo, TX",29700,0.871273712737127,0.459349593495935,40.9322493224932,5.36178861788618,19152.8211382114,49365.2154471545,155190.416666667,0
"23",23,2007,"Lubbock, TX",31180,0.172955974842767,0.477987421383648,44.7809224318658,6.99266247379455,31027.7405660377,63294.1991614256,108130.833333333,0
"24",24,2007,"Midland, TX",33260,0.229613733905579,0.450643776824034,46.6523605150215,6.74570815450644,40894.1856223176,88938.143776824,151723,0
"25",25,2007,"Odessa, TX",36220,0.362394957983193,0.474789915966387,44.8571428571429,5.86239495798319,29827.9170168067,66928.0672268908,92646.9166666667,0
"26",26,2007,"San Angelo, TX",41660,0.215819209039548,0.482485875706215,46.845197740113,6.61581920903955,27099.7389830508,56738.613559322,NA,0
"27",27,2007,"San Antonio, TX",41700,0.357170643153527,0.468620331950207,45.813731846473,6.70934906639004,32109.6277878631,71159.5577022822,149567.666666667,0
"28",28,2007,"Tyler, TX",46340,0.119032858028518,0.468691878487291,46.6565406075635,6.72039677619343,32492.8282703038,71126.0843149411,129249.5,0
"29",29,2008,"Amarillo, TX",12420,0.180821469481263,0.487317951235477,43.5783832433317,7.43487154311897,42662.0094910817,87267.3429880543,119229.25,0
"30",30,2008,"Austin, TX",13140,0.069453809844909,0.470667565745111,48.2913014160485,6.46830748482805,31392.3914362778,67760.246797033,218750.166666667,0
"31",31,2008,"Beaumont, TX",15180,0.775987725354814,0.464135021097046,46.042194092827,5.44917529727656,20777.66283084,49524.6835443038,98056.1666666667,0
"32",32,2008,"Brownsville, TX",17780,0.146425495262705,0.486649440137812,39.5607235142119,7.39276485788114,33073.1559000861,70898.4013781223,103239.666666667,0
"33",33,2008,"Dallas-Fort Worth, TX",18580,0.45628612716763,0.476878612716763,45.9190751445087,6.30671965317919,31103.7994942197,67700.5223988439,154051.166666667,0
"34",34,2008,"El Paso, TX",19100,0.161250861858055,0.476301683681413,44.0791352505505,7.00006672449456,40377.987900625,86960.9593425413,130542.083333333,0
"35",35,2008,"Houston, TX",26420,0.203012893489714,0.47737682348892,43.8979110958143,6.86415503958063,40544.2724312303,88575.7576712293,152642.333333333,0
"36",36,2008,"Laredo, TX",29700,0.930673642903859,0.444735120994114,41.3472858077175,5.6860693263571,20735.5604970569,54801.7168083715,154977.416666667,0
"37",37,2008,"Lubbock, TX",31180,0.20514165792235,0.469045120671564,45.5089192025184,7.01521511017838,33266.7754459601,69526.6369359916,110308.833333333,0
"38",38,2008,"Midland, TX",33260,0.256544502617801,0.480628272251309,45.5926701570681,6.65968586387435,41421.5570680628,88969.432460733,163847.666666667,0
"39",39,2008,"Odessa, TX",36220,0.371282051282051,0.482051282051282,42.7835897435897,5.96820512820513,31214.281025641,70862.4020512821,101053,0
"40",40,2008,"San Angelo, TX",41660,0.218928164196123,0.477765108323831,47.9521094640821,6.63169897377423,29325.8916761688,58496.8095781072,NA,0
"41",41,2008,"San Antonio, TX",41700,0.392824996785393,0.472225794007972,45.9382795422399,6.73518066092323,33106.7852642407,72808.1268483991,151356.416666667,0
"42",42,2008,"Tyler, TX",46340,0.114023591087811,0.469855832241153,47.9010484927916,6.87483617300131,33199.998034076,70760.6703800786,131222.583333333,0
"43",43,2009,"Amarillo, TX",12420,0.188468496814285,0.487296468182176,43.7737748761111,7.47227247699205,41019.4273578227,84043.0902226068,116937.833333333,0
"44",44,2009,"Austin, TX",13140,0.0740616621983914,0.467828418230563,47.7664209115282,6.46950402144772,32358.9711796247,72180.4865951743,211326.666666667,0
"45",45,2009,"Beaumont, TX",15180,0.786578657865787,0.460946094609461,44.5746241290796,5.59369270260359,21479.5049504951,52009.6340300697,97751.75,0
"46",46,2009,"Brownsville, TX",17780,0.173210161662818,0.480369515011547,38.9830638953041,7.24634334103156,30722.623556582,64867.2994611239,101940.833333333,0
"47",47,2009,"Dallas-Fort Worth, TX",18580,0.479232111692845,0.480628272251309,46.9972076788831,6.39162303664921,29409.582547993,65961.4178010471,150602.333333333,0
"48",48,2009,"El Paso, TX",19100,0.164033701948394,0.477159031068984,44.2454800772336,7.03065209759523,39998.2673775671,86008.7725996138,125678.333333333,0
"49",49,2009,"Houston, TX",26420,0.211340873211004,0.477885038432672,44.045705116592,6.84515644814824,39542.1284712337,86856.0054349233,149091,0
"50",50,2009,"Laredo, TX",29700,0.91260162601626,0.457317073170732,42.2317073170732,5.68563685636856,21664.298102981,56104.4363143631,152912.833333333,0
"51",51,2009,"Lubbock, TX",31180,0.218651211801897,0.489462592202318,44.6064278187566,6.88883034773446,32134.0948366702,64346.7808219178,115131.416666667,0
"52",52,2009,"Midland, TX",33260,0.269153225806452,0.476814516129032,45.3417338709677,6.62399193548387,44673.2419354839,99679.4133064516,165438.25,0
"53",53,2009,"Odessa, TX",36220,0.426485922836288,0.468196037539103,45.1313868613139,5.9332638164755,30561.2846715328,66987.0698644421,101481.583333333,0
"54",54,2009,"San Angelo, TX",41660,0.254201680672269,0.487394957983193,46.1890756302521,6.5672268907563,30315.7647058824,62629.6953781513,NA,0
"55",55,2009,"San Antonio, TX",41700,0.405629759081263,0.466795655973037,46.1529147422294,6.76981650230932,33407.8789164898,73178.691923605,146435.166666667,0
"56",56,2009,"Tyler, TX",46340,0.0907886017229954,0.463883366467859,48.1086812458582,6.89198144466534,35670.2319416832,77246.3154406892,128847.583333333,0
"57",57,2010,"Amarillo, TX",12420,0.19157202630006,0.484982068141064,43.6654961147639,7.45270472205619,39381.1725194262,81551.4657800359,116929,0
"58",58,2010,"Austin, TX",13140,0.0744928500166279,0.479547721982042,48.0947788493515,6.47821749251746,28866.5414033921,61998.4456268706,209075.666666667,0
"59",59,2010,"Beaumont, TX",15180,0.787187839305103,0.456026058631922,44.8081795150199,5.61418747737966,20009.5425262396,50125.6366268549,96749.5,0
"60",60,2010,"Brownsville, TX",17780,0.168711656441718,0.480828220858896,39.1188650306748,7.36579754601227,29278.4624233129,59672.3512269939,101913.166666667,0
"61",61,2010,"Dallas-Fort Worth, TX",18580,0.478794251664914,0.474237644584648,47.0164738871363,6.41079565369786,29154.5068349106,64583.1426568524,149814.333333333,0
"62",62,2010,"El Paso, TX",19100,0.172522444751381,0.480101864640884,44.5789019337017,7.03094785911602,38481.8435989296,82786.9198679213,125545.083333333,0
"63",63,2010,"Houston, TX",26420,0.218853334689932,0.484204100320496,44.2136389072595,6.87241186345831,38317.0621407132,84870.5126672432,148752.166666667,0
"64",64,2010,"Laredo, TX",29700,0.885065381968341,0.461114934618032,42.5918788713008,5.60289057123193,21355.8362009635,54343.8609772884,150264,0
"65",65,2010,"Lubbock, TX",31180,0.247053276756247,0.477133427628477,44.4120697784064,6.86610089580387,29780.874115983,62544.642621405,116403.416666667,0
"66",66,2010,"Midland, TX",33260,0.269063180827887,0.478213507625272,47.2211328976035,6.70152505446623,40229.2788671024,87898.5577342048,161865.333333333,0
"67",67,2010,"Odessa, TX",36220,0.435155412647374,0.481243301178992,45.8735262593784,5.94962486602358,31605.1972132905,66824.9174705252,99708.5,0
"68",68,2010,"San Angelo, TX",41660,0.23189926547744,0.464847848898216,46.694648478489,6.52780692549843,30049.6096537251,64754.4554039874,NA,0
"69",69,2010,"San Antonio, TX",41700,0.414871884667017,0.477149360882507,45.9296678923714,6.7470378801144,32262.7663573221,71403.7711434075,145260.083333333,0
"70",70,2010,"Tyler, TX",46340,0.108643457382953,0.472388955582233,47.0810324129652,6.82412965186074,32655.0714285714,72642.450180072,124099.25,0
"71",71,2011,"Amarillo, TX",12420,0.198545393746865,0.477762915900351,44.5957197793011,7.56077579000167,41852.3435880288,84993.7617455275,114324.083333333,0
"72",72,2011,"Austin, TX",13140,0.0821389195148842,0.46361631753032,48.1769570011025,6.40600882028666,28955.0248070562,63227.3103638368,202656.5,0
"73",73,2011,"Beaumont, TX",15180,0.810359964881475,0.465027802165642,45.438396254024,5.50892595844308,20713.7237342698,50933.1776412057,95252.1666666667,0
"74",74,2011,"Brownsville, TX",17780,0.161579892280072,0.489228007181329,40.5430879712747,7.33662477558348,28778.8213644524,58939.5278276481,98059,0
"75",75,2011,"Dallas-Fort Worth, TX",18580,0.475705843729481,0.478660538411031,47.2019041365726,6.3962573867367,29552.0036112935,64630.4175968483,143877.666666667,0
"76",76,2011,"El Paso, TX",19100,0.182918133606667,0.474018450020054,45.0904229243727,6.95884397700432,37630.7683274656,81047.3698025759,122504.5,0
"77",77,2011,"Houston, TX",26420,0.22766466399644,0.479862038273253,45.2314474855363,6.81422452158433,38392.3680740988,84135.6279205607,142268.083333333,0
"78",78,2011,"Laredo, TX",29700,0.878640776699029,0.461858529819695,43.5936199722607,5.3876560332871,18239.2475728155,48377.1872399445,146836,0
"79",79,2011,"Lubbock, TX",31180,0.211476168440537,0.472466450717261,45.2415548357242,6.97917630726516,32539.0758907913,68417.7075428043,115203.333333333,0
"80",80,2011,"Midland, TX",33260,0.292279411764706,0.487132352941176,45.8869485294118,6.62959558823529,40757.8318014706,85026.0772058823,166102.5,0
"81",81,2011,"Odessa, TX",36220,0.432553956834532,0.481115107913669,46.7814748201439,5.89568345323741,30145.0089928058,64386.2230215827,100615.166666667,0
"82",82,2011,"San Angelo, TX",41660,0.264428121720881,0.467995802728227,47.9548793284365,6.67681007345226,29982.1552990556,63242.5960125918,86759.6666666667,0
"83",83,2011,"San Antonio, TX",41700,0.437889960294952,0.465746517930296,47.0216171929161,6.58511375811433,30879.6921283166,67566.4680784017,140492.75,0
"84",84,2011,"Tyler, TX",46340,0.120358514724712,0.469910371318822,46.8719590268886,6.76952624839949,30610.0352112676,64764.7631241997,121020.916666667,0
"85",85,2012,"Amarillo, TX",12420,0.19622783855149,0.484722746133534,44.8631459826481,7.5686156167484,42818.9236514523,86648.6777065258,114048.416666667,0
"86",86,2012,"Austin, TX",13140,0.0788973384030418,0.4702154626109,48.4958808618504,6.54562737642586,30838.3231939163,67364.2015209126,207989.833333333,0
"87",87,2012,"Beaumont, TX",15180,0.804589942625717,0.463381707728653,45.290921363483,5.59061761727978,20578.0830239622,50329.0448869389,94782.9166666667,0
"88",88,2012,"Brownsville, TX",17780,0.168709444844989,0.464311463590483,40.4037490987743,7.38428262436914,31019.2480173035,67886.7440519106,92661.3333333333,0
"89",89,2012,"Dallas-Fort Worth, TX",18580,0.490748189863234,0.474121748458032,48.0911772593189,6.37275408956825,31614.3631000268,68541.6358272995,145435.083333333,0
"90",90,2012,"El Paso, TX",19100,0.177323103154305,0.476598465473146,45.1715046888321,7.10080988917306,40080.0913895993,86581.8411551577,120094.083333333,0
"91",91,2012,"Houston, TX",26420,0.232045841554721,0.479795659107495,45.3614347109225,6.83658134443333,39332.6568370408,86438.226531881,142367.833333333,0
"92",92,2012,"Laredo, TX",29700,0.927860696517413,0.466169154228856,42.3731343283582,5.55024875621891,20527.3970149254,53257.5243781095,147851.083333333,0
"93",93,2012,"Lubbock, TX",31180,0.232447817836812,0.477703984819734,46.0721062618596,7.03510436432638,32535.114800759,67566.5711574953,114146.416666667,0
"94",94,2012,"Midland, TX",33260,0.281818181818182,0.472727272727273,46.7022727272727,6.77613636363636,44891.6909090909,94516.6568181818,180533.166666667,0
"95",95,2012,"Odessa, TX",36220,0.466955579631636,0.484290357529794,45.3261105092091,6.11917659804984,31795.3001083424,67150.1462621885,105518,0
"96",96,2012,"San Angelo, TX",41660,0.267554479418886,0.474576271186441,48.2384987893462,6.54358353510896,29999.289346247,61482.5799031477,89299.9166666667,0
"97",97,2012,"San Antonio, TX",41700,0.446201913688733,0.472108312178611,46.3419904966478,6.77960033847556,33409.812406431,74377.4371542017,141106.833333333,0
"98",98,2012,"Tyler, TX",46340,0.141810918774967,0.46404793608522,48.595206391478,6.83488681757656,30742.9201065246,65643.7669773635,120754.75,0
"99",99,2013,"Amarillo, TX",12420,0.193085407239819,0.485930429864253,44.6334841628959,7.63560520361991,44717.4162188914,91497.6950650452,117451,1
"100",100,2013,"Austin, TX",13140,0.0907932462567697,0.472762026122969,48.8550493787831,6.49569926728257,32082.353934374,69149.1825422109,225835.666666667,1
"101",101,2013,"Beaumont, TX",15180,0.799505824214613,0.46381927285563,45.6014825273562,5.74055771267208,21388.4786445464,52218.4161666078,99440.3333333333,1
"102",102,2013,"Brownsville, TX",17780,0.181154127100073,0.486486486486487,40.0350620891161,7.45945945945946,31935.1826150475,66888.8466033601,90374.5,1
"103",103,2013,"Dallas-Fort Worth, TX",18580,0.472289156626506,0.473627844712182,47.1378848728246,6.45970548862115,32062.2074966533,70534.0184738956,154647.75,1
"104",104,2013,"El Paso, TX",19100,0.171171722113503,0.479676288323549,45.1298312133072,7.16780821917808,42383.356551696,91767.9528294194,120573,1
"105",105,2013,"Houston, TX",26420,0.22501312335958,0.479238845144357,45.3803674540682,6.95133858267716,41524.6882414698,91289.1642257218,152633.166666667,1
"106",106,2013,"Laredo, TX",29700,0.893546867640132,0.463495054168629,42.4097974564296,5.67922750824305,20685.4776260009,57418.6099858691,148129,1
"107",107,2013,"Lubbock, TX",31180,0.215552523874488,0.470668485675307,45.7321509777171,7.13824465666212,35577.346521146,73889.4588449295,115518.166666667,1
"108",108,2013,"Midland, TX",33260,0.310701956271577,0.484464902186421,46.8446490218642,6.84695051783659,49647.1323360184,105104.363636364,198071.75,1
"109",109,2013,"Odessa, TX",36220,0.45063025210084,0.472689075630252,43.7752100840336,5.97899159663866,36190.2668067227,79933.6102941177,114755.916666667,1
"110",110,2013,"San Angelo, TX",41660,0.287069988137604,0.479240806642942,47.9928825622776,6.54092526690391,32580.9347568209,65713.9691577699,98306.75,1
"111",111,2013,"San Antonio, TX",41700,0.440394402035623,0.473218829516539,46.0393129770992,6.84211195928753,33874.0347328244,75447.7659669211,146760.5,1
"112",112,2013,"Tyler, TX",46340,0.120973044049967,0.460880999342538,47.7915844838922,6.89809335963182,34127.1985535832,74387.2833662064,124479.25,1
"113",113,2014,"Amarillo, TX",12420,0.196015603232098,0.48397882418501,45.1953886876567,7.69058233491223,45817.265812204,93584.7589857899,121306.5,1
"114",114,2014,"Austin, TX",13140,0.078,0.471666666666667,49.1916666666667,6.531,31650.0923333333,68691.6773333333,249076.25,1
"115",115,2014,"Beaumont, TX",15180,0.807928913192071,0.451127819548872,46.5372522214628,5.6930963773069,21147.1049213944,52700.6069719754,105502.833333333,1
"116",116,2014,"Brownsville, TX",17780,0.164655784244145,0.491128459900639,40.5635202271114,7.43718949609652,33430.8133427963,66514.0596167495,90679.0833333333,1
"117",117,2014,"Dallas-Fort Worth, TX",18580,0.464876593436398,0.481963656088961,48.1117439652834,6.586655817738,34626.032546786,74401.9864388392,166952.666666667,1
"118",118,2014,"El Paso, TX",19100,0.176601059046858,0.477630132880408,45.5748426416225,7.18557298431412,43353.5574982516,93819.8032370866,120655.75,1
"119",119,2014,"Houston, TX",26420,0.22474457881568,0.479409924937448,45.6549989574646,6.97320683903253,43671.3318129691,95498.8872497915,168061,1
"120",120,2014,"Laredo, TX",29700,0.911210317460317,0.473710317460317,42.2232142857143,5.69047619047619,21178.4131944444,55514.8070436508,149902.916666667,1
"121",121,2014,"Lubbock, TX",31180,0.226963231956423,0.476168860644576,46.3113935542442,7.02496595551521,36522.6908760781,74886.8293236496,117832,1
"122",122,2014,"Midland, TX",33260,0.326754385964912,0.50109649122807,44.0723684210526,6.87938596491228,51901.6809210526,112905.481359649,214152.25,1
"123",123,2014,"Odessa, TX",36220,0.425965665236052,0.482832618025751,44.7403433476395,6.41309012875536,38458.3261802575,85864.5407725322,128111.083333333,1
"124",124,2014,"San Angelo, TX",41660,0.265454545454545,0.478787878787879,50.5163636363636,6.72363636363636,32851.2072727273,68688.0363636364,115264,1
"125",125,2014,"San Antonio, TX",41700,0.435152508192589,0.472145197882531,46.8427653138392,6.88297201915805,35866.1436854046,78720.6308293421,155339.25,1
"126",126,2014,"Tyler, TX",46340,0.114285714285714,0.456478405315615,47.8923588039867,6.97009966777409,32228.0976744186,69625.1661129568,130138.833333333,1
"127",127,2015,"Amarillo, TX",12420,0.190586630286494,0.486289222373806,45.2301500682128,7.70334242837653,49082.5669849932,100263.177899045,124889.166666667,1
"128",128,2015,"Austin, TX",13140,0.0934549006838163,0.471507652230544,50.2539889286877,6.62455226310648,34442.7645718007,71409.9628785412,270052.5,1
"129",129,2015,"Beaumont, TX",15180,0.794871794871795,0.464535464535465,46.3230103230103,5.77888777888778,23702.5467865468,58304.370962371,111048.416666667,1
"130",130,2015,"Brownsville, TX",17780,0.166779661016949,0.498305084745763,39.6372881355932,7.44203389830508,35108.4379661017,73339.9023728814,94314.75,1
"131",131,2015,"Dallas-Fort Worth, TX",18580,0.479580870499731,0.482536270822139,48.2173562600752,6.60397635679742,36471.8976356797,78794.512090274,182881.416666667,1
"132",132,2015,"El Paso, TX",19100,0.181177606177606,0.475289575289575,45.6256370656371,7.19277992277992,45013.176988417,98036.4977027027,120028.416666667,1
"133",133,2015,"Houston, TX",26420,0.23326877006983,0.478847036036495,45.6341556654264,6.98901575003823,45350.764284622,99854.4328457108,183013,1
"134",134,2015,"Laredo, TX",29700,0.910896130346232,0.457739307535642,43.20366598778,5.65427698574338,23374.4353360489,60714.5437881874,156282.166666667,1
"135",135,2015,"Lubbock, TX",31180,0.232142857142857,0.483482142857143,46.190625,7.07053571428571,37191.0330357143,76857.8959821429,115665.916666667,1
"136",136,2015,"Midland, TX",33260,0.304025423728814,0.498940677966102,45.2521186440678,6.89936440677966,51321.8199152542,109513.36440678,216415,1
"137",137,2015,"Odessa, TX",36220,0.445585215605749,0.491786447638604,44.4856262833676,6.14373716632443,38002.567761807,83610.9979466119,139567.833333333,1
"138",138,2015,"San Angelo, TX",41660,0.257611241217799,0.478922716627635,48.8653395784543,6.87002341920375,38303.7306791569,73198.0281030445,123080.083333333,1
"139",139,2015,"San Antonio, TX",41700,0.445515792076148,0.474442178132147,47.0599542616973,6.90258977687125,37447.2461833241,81833.0339328759,165297.166666667,1
"140",140,2015,"Tyler, TX",46340,0.132247557003257,0.463843648208469,47.2332247557003,6.9328990228013,36873.5328990228,77937.6859934853,136798.666666667,1
"141",141,2016,"Amarillo, TX",12420,0.188396176314392,0.490440785979819,45.1102628783856,7.78505045140733,50774.2960037175,104574.996879979,130234.75,1
"142",142,2016,"Austin, TX",13140,0.104643557880968,0.481033355134075,49.270765206017,6.64028776978417,35966.3266841073,76139.2988881622,290611,1
"143",143,2016,"Beaumont, TX",15180,0.807323142552435,0.456452186277995,47.3096338428724,5.76857447564877,23686.7803057234,59105.4041948098,115271.083333333,1
"144",144,2016,"Brownsville, TX",17780,0.159477124183007,0.47516339869281,39.4928104575163,7.59019607843137,37503.0692810458,78752.1091503268,94456.4166666667,1
"145",145,2016,"Dallas-Fort Worth, TX",18580,0.472051282051282,0.478974358974359,48.4792307692308,6.66333333333333,34738.4625641026,76318.3525641026,202272.833333333,1
"146",146,2016,"El Paso, TX",19100,0.178933102435719,0.48256973986372,45.8900161879306,7.25738809622407,45699.9748522381,99309.8155893536,121332.166666667,1
"147",147,2016,"Houston, TX",26420,0.230837482131414,0.478804160299699,46.062010154286,7.06385862867846,45406.6579336521,100332.587371223,191540.75,1
"148",148,2016,"Laredo, TX",29700,0.899449724862431,0.464232116058029,43.9374687343672,5.66833416708354,22375.228114057,59594.0735367684,161130.333333333,1
"149",149,2016,"Lubbock, TX",31180,0.251769911504425,0.478318584070796,45.1597345132743,7.23008849557522,38588.0234513274,77478.532300885,119758.5,1
"150",150,2016,"Midland, TX",33260,0.2728297632469,0.485907553551297,46.6967305524239,6.9402480270575,51341.1634723788,106060.940248027,210268.75,1
"151",151,2016,"Odessa, TX",36220,0.425842696629213,0.482022471910112,46.023595505618,6.33033707865169,36797.9775280899,75404.1584269663,150235.416666667,1
"152",152,2016,"San Angelo, TX",41660,0.310810810810811,0.487612612612613,49.3141891891892,6.82207207207207,36247.0056306306,72691.8603603604,127295.083333333,1
"153",153,2016,"San Antonio, TX",41700,0.445697503671072,0.473891336270191,46.8790014684288,6.92928046989721,37962.9929515418,84776.9694566814,175433.75,1
"154",154,2016,"Tyler, TX",46340,0.136700336700337,0.461952861952862,49.4020202020202,6.89225589225589,35576.9616161616,74373.3138047138,143650.083333333,1
"155",155,2017,"Amarillo, TX",12420,0.18798751950078,0.486674466978679,45.2519500780031,7.91166146645866,53013.1205148206,108650.260400416,134097.166666667,1
"156",156,2017,"Austin, TX",13140,0.103150912106136,0.469983416252073,49.1366500829187,6.63714759535655,35961.3412935323,79461.783747927,305962.166666667,1
"157",157,2017,"Beaumont, TX",15180,0.805602429969625,0.465744178197773,46.7900776240297,5.82146473169085,24531.2298346271,60029.7988525143,117504.25,1
"158",158,2017,"Brownsville, TX",17780,0.16235446313066,0.499353169469599,40.0071151358344,7.50970245795602,33990.659767141,73135.4333764554,97733.9166666667,1
"159",159,2017,"Dallas-Fort Worth, TX",18580,0.482556591211718,0.481491344873502,48.2407456724368,6.62343541944075,35789.8093209055,81993.2980026631,222396.25,1
"160",160,2017,"El Paso, TX",19100,0.180910724332565,0.479264596453656,45.6895224958711,7.30695656908474,47439.7953138895,103800.099747727,126106.833333333,1
"161",161,2017,"Houston, TX",26420,0.230530592145759,0.47839468176782,45.9251261849071,7.11805983011203,45846.1217284255,101961.453256186,198282.75,1
"162",162,2017,"Laredo, TX",29700,0.905750798722045,0.459531416400426,44.1395101171459,5.77582534611289,22910.7635782748,60053.0500532481,165708.916666667,1
"163",163,2017,"Lubbock, TX",31180,0.23585726718886,0.482593559617058,45.3659704090514,7.19886858137511,39093.3002610966,83415.6040034813,130990,1
"164",164,2017,"Midland, TX",33260,0.311475409836066,0.481967213114754,45.8120218579235,7.03497267759563,50764.1967213115,105927.595628415,218237.083333333,1
"165",165,2017,"Odessa, TX",36220,0.522540983606557,0.489754098360656,45.6516393442623,5.95081967213115,34168.0430327869,73787.6024590164,156753.25,1
"166",166,2017,"San Angelo, TX",41660,0.294784580498866,0.461451247165533,48.5816326530612,6.97052154195011,38347.4943310658,80291.768707483,133888.5,1
"167",167,2017,"San Antonio, TX",41700,0.433062645011601,0.47546403712297,46.8514501160093,7.03317865429234,38315.5447795824,85506.9113689095,186749.833333333,1
"168",168,2017,"Tyler, TX",46340,0.128811449906658,0.462352209085252,48.7423771001867,7.15308027380212,37816.8637212197,80857.2495332918,148389.833333333,1
"169",169,2018,"Amarillo, TX",12420,0.185526893868073,0.489236176489048,45.4036276909559,7.89844975836315,53847.4496956003,110156.273771418,138274.666666667,1
"170",170,2018,"Austin, TX",13140,0.112718707940781,0.483512786002692,49.2419246298789,6.58411843876178,35352.9858681023,77072.9131897712,318891.583333333,1
"171",171,2018,"Beaumont, TX",15180,0.807790549169859,0.465197956577267,46.1634738186462,5.92337164750958,23970.1021711367,61017.0114942529,120993.083333333,1
"172",172,2018,"Brownsville, TX",17780,0.168885774351787,0.473721093202523,42.1359495444989,7.83181499649615,42082.1822004205,84341.7645409951,99883.5833333333,1
"173",173,2018,"Dallas-Fort Worth, TX",18580,0.484935064935065,0.483636363636364,48.8257142857143,6.7038961038961,37153.0909090909,83446.5428571429,240469.5,1
"174",174,2018,"El Paso, TX",19100,0.181284536642812,0.480297128363076,45.9076365612827,7.36722529214603,50066.551716641,110237.371120573,127235.083333333,1
"175",175,2018,"Houston, TX",26420,0.235533093125045,0.480303726452736,46.1549827098397,7.12107948637342,47193.1160979856,104296.584576693,205787.333333333,1
"176",176,2018,"Laredo, TX",29700,0.901941264310602,0.473369835739174,42.8571428571429,5.78845196615231,24028.0786460926,67372.6580388253,169429.666666667,1
"177",177,2018,"Lubbock, TX",31180,0.231915826391933,0.46733888645331,46.9522139412538,7.30030688294608,41065.3283647523,82565.8667251206,137041.833333333,1
"178",178,2018,"Midland, TX",33260,0.315670800450958,0.46674182638106,44.7125140924464,7.05524239007892,53270,118442.311161218,242933.416666667,1
"179",179,2018,"Odessa, TX",36220,0.47379679144385,0.485561497326203,45.6267379679144,6.28342245989305,39597.7796791444,88895.0524064171,165816.083333333,1
"180",180,2018,"San Angelo, TX",41660,0.262237762237762,0.46969696969697,48.4941724941725,6.96503496503496,38719.0442890443,77854.7086247086,142498.75,1
"181",181,2018,"San Antonio, TX",41700,0.44395374513336,0.470567726189784,47.1033180312627,7.00290545644721,39431.3010633971,87476.3892149457,195838.416666667,1
"182",182,2018,"Tyler, TX",46340,0.119440914866582,0.465057179161372,49.2287166454892,7.06988564167726,41376.5336721728,92753.6543837357,154802.583333333,1
"183",183,2019,"Amarillo, TX",12420,0.17524808088373,0.490232790363852,46.2310428758659,8.00049928228172,58764.1678836672,120224.521625164,142332.083333333,1
"184",184,2019,"Austin, TX",13140,0.10254735467015,0.468647942521228,49.0016329196604,6.70084911822338,40128.2233834095,87485.783801437,332950.583333333,1
"185",185,2019,"Beaumont, TX",15180,0.782042940793754,0.460962914769031,48.0484710474951,6.03220559531555,27500.6538711776,67741.3630448926,126199,1
"186",186,2019,"Brownsville, TX",17780,0.187540558079169,0.486048020765737,41.4120700843608,7.69500324464633,42715.4510058404,88133.8546398443,102744.25,1
"187",187,2019,"Dallas-Fort Worth, TX",18580,0.458115183246073,0.481937172774869,49.5547120418848,6.78429319371728,38069.9617801047,83635.5832460733,251055.833333333,1
"188",188,2019,"El Paso, TX",19100,0.174969709928017,0.48050744779417,46.4645249804005,7.44553132349797,52708.5025479296,115674.525942556,133721.25,1
"189",189,2019,"Houston, TX",26420,0.219353149765582,0.481996239796283,47.0111378186059,7.22218520193246,51205.5006306671,113766.981341774,213579.416666667,1
"190",190,2019,"Laredo, TX",29700,0.898601398601399,0.466533466533467,44.0724275724276,5.87262737262737,26906.5484515485,72051.9280719281,173598.083333333,1
"191",191,2019,"Lubbock, TX",31180,0.217086256706562,0.473380107304994,46.8481221626083,7.29962855963681,42205.6830375567,86741.5146512588,141622.666666667,1
"192",192,2019,"Midland, TX",33260,0.278846153846154,0.489182692307692,46.8461538461538,7.21514423076923,60695.0480769231,125863.966346154,269674.333333333,1
"193",193,2019,"Odessa, TX",36220,0.45063025210084,0.503151260504202,45.2174369747899,6.36029411764706,39446.9012605042,91729.0966386555,176239.083333333,1
"194",194,2019,"San Angelo, TX",41660,0.272519954389966,0.470923603192702,50.2006841505131,6.98289623717218,41529.8859749145,89617.6510832383,148224.5,1
"195",195,2019,"San Antonio, TX",41700,0.413991081382386,0.477591973244147,47.4664437012263,7.14515050167224,41856.0559643255,92683.2741360089,205439.583333333,1
"196",196,2019,"Tyler, TX",46340,0.109375,0.462740384615385,49.6760817307692,7.24579326923077,40065.625,87900.1923076923,163140.083333333,1
